48 1128 20
0 1 4726.653149957166
0 2 1204.3492018513568
0 3 6362.502102160753
0 4 3656.991249647721
0 5 3129.520889848796
0 6 2413.5223222502004
0 7 562.3041881401916
0 8 462.0822437618654
0 9 5653.503338638795
0 10 1712.356563336036
0 11 1603.5663378856516
0 12 2367.1977103740196
0 13 2200.3654241966265
0 14 1289.4452295464123
0 15 1003.8849535678877
0 16 3832.687046968484
0 17 2257.5989457828864
0 18 3418.9039179245738
0 19 2266.984781598677
0 20 2956.020466776237
0 21 719.9569431570196
0 22 1699.3133907552192
0 23 5278.156591083671
0 24 2577.884791840008
0 25 6075.466237252907
0 26 3464.6784843618607
0 27 2653.682912482198
0 28 3624.6459137410925
0 29 3114.9210262862202
0 30 1573.1576526209953
0 31 3950.066455137179
0 32 1747.3591502607585
0 33 2141.2381931957034
0 34 6754.234967781325
0 35 2382.115026609756
0 36 3305.89594512592
0 37 1028.9047574970193
0 38 3529.2883135272473
0 39 824.3136538963794
0 40 2187.0002286236736
0 41 4819.396227744716
0 42 3488.9872456058074
0 43 1946.9003569777267
0 44 6834.318181062395
0 45 1541.7292239560097
0 46 2378.534422706554
0 47 3743.0792136955906
1 2 3587.4231699090087
1 3 2011.6622479929379
1 4 1841.400825458705
1 5 6976.770671306317
1 6 6500.002769230179
1 7 5186.866877027017
1 8 5027.708225424383
1 9 2326.8351896943627
1 10 4147.82364620291
1 11 4722.743376470926
1 12 3634.91746811396
1 13 3124.1424423351764
1 14 4906.110985291711
1 15 3929.6510023156
1 16 7462.7850029328865
1 17 6337.100362153025
1 18 7242.331806814708
1 19 5104.555808295174
1 20 4042.9421217722124
1 21 4021.3709105229277
1 22 3676.2399268818135
1 23 2862.58641790951
1 24 3105.933032117724
1 25 1849.1565644909574
1 26 7172.8770378419285
1 27 6629.004827272341
1 28 1203.184108937614
1 29 6813.088653466943
1 30 6000.585388110064
1 31 3446.9071644011533
1 32 5252.220292409677
1 33 2655.554367735671
1 34 3122.584826710077
1 35 6273.403063728649
1 36 7182.761725130523
1 37 5621.924670430937
1 38 3084.1144596139748
1 39 4563.010957690109
1 40 2755.068783170395
1 41 1590.9022597255935
1 42 7026.701217498863
1 43 6185.678378318744
1 44 3471.2080029868566
1 45 5460.747659432726
1 46 4389.055479257468
1 47 2087.276694643046
2 3 5162.02770236658
2 4 2457.865740841025
2 5 3677.3958176949077
2 6 3070.3604022980753
2 7 1741.999138920568
2 8 1443.5875449725936
2 9 4461.98935453683
2 10 1183.6249405956264
2 11 1519.9611837149
2 12 1497.155970498732
2 13 1102.7443039979848
2 14 1500.8564221803497
2 15 950.2389173255324
2 16 4297.459831109536
2 17 2902.4437979054824
2 18 3966.38437370863
2 19 2168.7943655404492
2 20 2208.8988206796616
2 21 651.6417727555531
2 22 827.1184921158516
2 23 4135.799076357554
2 24 1517.2781551185662
2 25 4872.961009488994
2 26 3953.0557800263837
2 27 3253.0554867693236
2 28 2445.9830334652775
2 29 3580.280435943531
2 30 2440.564279014179
2 31 2959.625989884533
2 32 1965.1506303589047
2 33 949.2944748601458
2 34 5563.6600363429825
2 35 2915.055574084309
2 36 3877.7654648005723
2 37 2034.562360803915
2 38 2481.963134295109
2 39 1026.938167564143
2 40 1394.8766970596362
2 41 3616.9076571015744
2 42 3890.774344523208
2 43 2685.2683292363913
2 44 5660.203529909503
2 45 2022.9903608272582
2 46 1866.1674630107557
2 47 2559.9556636785724
3 4 2798.672899786611
3 5 8063.717380960223
3 6 7726.785165901793
3 7 6877.268716576371
3 8 6580.34535567853
3 9 1401.707886829492
3 10 5365.604718948275
3 11 5945.98755464557
3 12 4678.986428704405
3 13 4377.003198536642
3 14 6224.77951416755
3 15 5708.5917703055275
3 16 8416.991683493574
3 17 7577.250292817309
3 18 8295.389382060375
3 19 6134.93284396822
3 20 4801.406877155903
3 21 5706.343925842535
3 22 4981.875650796595
3 23 2321.8199757948505
3 24 4177.3432944875385
3 25 319.845275094068
3 26 8185.609323685073
3 27 7799.948717780137
3 28 2777.3010279766218
3 29 7858.02939673809
3 30 7407.991360686107
3 31 3762.9286466793387
3 32 6460.561043748446
3 33 4222.120083559917
3 34 1426.011570780546
3 35 7450.721642901444
3 36 8262.979910419726
3 37 7130.391994834506
3 38 3668.3828862320247
3 39 6010.934702689758
3 40 4637.289833512674
3 41 1680.835803997523
3 42 7986.739322151438
3 43 7501.604361734895
3 44 1876.1945528116214
3 45 6757.805856933151
3 46 5359.901584917395
3 47 2843.780054786235
4 5 5329.472018877667
4 6 4945.9341888059935
4 7 4199.86487877884
4 8 3823.602620566107
4 9 2011.1998906125666
4 10 2572.6328925830053
4 11 3156.119452745729
4 12 1923.090221492481
4 13 1579.1709850424684
4 14 3426.331274118135
4 15 3178.246371822046
4 16 5748.342456743509
4 17 4792.840076614282
4 18 5576.983145034598
4 19 3408.2272518128834
4 20 2222.2569608395875
4 21 3065.8631737244896
4 22 2184.292333915037
4 23 1859.2541515349642
4 24 1400.1103527936646
4 25 2490.119073458135
4 26 5485.28522503616
4 27 5034.307300910425
4 28 893.0671867222533
4 29 5140.422550724794
4 30 4610.533374784311
4 31 1668.9787296427717
4 32 3676.979330918247
4 33 1589.8402435465018
4 34 3112.019440813312
4 35 4681.215760889472
4 36 5532.702865688704
4 37 4351.562937612186
4 38 1251.3308914911356
4 39 3226.577443669995
4 40 2425.5772508827667
4 41 1168.4096028362655
4 42 5312.083301304678
4 43 4705.566278355879
4 44 3240.7110330913492
4 45 3961.745322455748
4 46 2650.963032560054
4 47 303.78446306550967
5 6 742.8250130414295
5 7 3208.3872895895843
5 8 2669.1626027651446
5 9 6928.296832555603
5 10 2830.1067117690104
5 11 2265.697685040968
5 12 3406.502605312375
5 13 3853.173367498535
5 14 2177.3254235414606
5 15 4075.4781314589336
5 16 726.006198320648
5 17 880.193160618736
5 18 292.5764857263823
5 19 1929.2156437267452
5 20 3309.3120130927514
5 21 3671.5327861807255
5 22 3314.129900894049
5 23 6198.372850998881
5 24 3931.805819213355
5 25 7744.855905696374
5 26 364.8698398059231
5 27 481.6824680222439
5 28 5773.9557497438445
5 29 260.4611295375953
5 30 1658.1972138439987
5 31 4512.779409632161
5 32 1745.9521757482362
5 33 4430.304729925471
5 34 7909.411419315599
5 35 768.5317169772501
5 36 206.11889772653063
5 37 2224.511631796966
5 38 4434.074537037013
5 39 2680.279463041121
5 40 5052.252270027695
5 41 6383.195516353859
5 42 549.6044031846907
5 43 1223.0134913401405
5 44 7804.173755113349
5 45 1669.6784121500764
5 46 2703.8729629921595
5 47 5229.9599424852195
6 7 2467.2997385806207
6 8 1951.4574040957184
6 9 6672.586455041253
6 10 2379.7321277824526
6 11 1794.3536440735422
6 12 3050.484059948519
6 13 3404.8908939935213
6 14 1603.1734154482479
6 15 3381.3259233620174
6 16 1468.491743252239
6 17 167.91962362987834
6 18 1019.4753552685813
6 19 1680.1648728621842
6 20 3109.4226152133133
6 21 2992.9951553585915
6 22 2826.487572942786
6 23 6008.8475600567535
6 24 3551.055054487328
6 25 7411.241731316015
6 26 1103.1468623895914
6 27 266.925083122587
6 28 5299.661876006808
6 29 820.3298117220902
6 30 915.4283150525769
6 31 4347.471103986776
6 32 1269.0382184946204
6 33 3889.92917673317
6 34 7697.564549907977
6 35 331.0498451895122
6 36 899.0895394786884
6 37 1483.0863090191347
6 38 4184.099664204953
6 39 2048.1125457357075
6 40 4414.240591540067
6 41 6050.723758361474
6 42 1218.7444358847347
6 43 481.27435003332556
6 44 7634.171140339991
6 45 1053.3209387456418
6 46 2431.5238020632246
6 47 4883.60276844872
7 8 717.898321491282
7 9 6202.3680961387645
7 10 2240.413577891368
7 11 2050.414836075861
7 12 2919.814548905461
7 13 2761.6476965753614
7 14 1686.697661111795
7 15 1303.7503595397395
7 16 3931.255779010061
7 17 2330.3418204203435
7 18 3486.4185061463863
7 19 2668.534054495089
7 20 3486.219298896729
7 21 1174.6744229785545
7 22 2259.1485121611636
7 23 5839.015756101366
7 24 3140.1719698131183
7 25 6595.20613779433
7 26 3562.8220556182705
7 27 2727.002933625118
7 28 4119.9378636091105
7 29 3239.1685661601496
7 30 1558.3609979719076
7 31 4506.63610689836
7 32 2081.5729629297166
7 33 2657.9219326383536
7 34 7303.784498463793
7 35 2511.0575461346957
7 36 3363.917061997813
7 37 984.228123963139
7 38 4090.560108347022
7 39 1318.9863532273562
7 40 2543.773574829332
7 41 5357.462272382327
7 42 3631.030983068032
7 43 1986.0455684600995
7 44 7390.364605349319
7 45 1784.7658109679264
7 46 2878.62814548875
7 47 4295.211287003237
8 9 5788.323764268893
8 10 1601.4808771883604
8 11 1342.544226459598
8 12 2329.67487001942
8 13 2290.9159740156338
8 14 969.7448117932882
8 15 1450.6333099718895
8 16 3375.169625366998
8 17 1795.8621884766103
8 18 2958.0060851864387
8 19 1950.6357937862208
8 20 2834.5160080691026
8 21 1111.6807095564805
8 22 1724.7637519382183
8 23 5345.465461491637
8 24 2627.5939564552205
8 25 6284.772867813124
8 26 3006.660107162098
8 27 2192.4107735549924
8 28 3888.5063970630163
8 29 2660.0295111144915
8 30 1121.456642050864
8 31 3919.2867973650514
8 32 1371.760912112603
8 33 2390.830190540516
8 34 6882.963460603289
8 35 1926.0674962212513
8 36 2844.3972999565303
8 37 610.6693049433547
8 38 3542.108411666701
8 39 675.0029629564599
8 40 2589.323077562937
8 41 4992.011618576223
8 42 3038.1112553690327
8 43 1485.4753447970788
8 44 6933.269430795258
8 45 1111.7306328423267
8 46 2195.3355096658915
8 47 3875.4192031314496
9 10 4391.46729465221
9 11 4946.120196679413
9 12 3647.9392812929327
9 13 3500.027999888001
9 14 5273.251463755545
9 15 5182.12552916272
9 16 7215.6237429622115
9 17 6534.307997026158
9 18 7139.655173746139
9 19 5021.064428983162
9 20 3620.2266503632063
9 21 5076.597482566448
9 22 4089.1634841370674
9 23 921.4342081776647
9 24 3206.6421689985928
9 25 1130.8483541129642
9 26 7013.212459351278
9 27 6713.022046738712
9 28 2436.4059596052543
9 29 6706.299202988188
9 30 6476.804227394866
9 31 2475.3232112190926
9 32 5431.571779881032
9 33 3598.0851852061537
9 34 1101.7304570538113
9 35 6375.217329628849
9 36 7120.717379590345
9 37 6283.026738762139
9 38 2496.9549455286533
9 39 5159.71675579193
9 40 4317.917322043117
9 41 936.3845363951714
9 42 6794.609922578337
9 43 6506.743348250337
9 44 1267.8852471734183
9 45 5772.708289875733
9 46 4248.648020253031
9 47 1913.9932079294326
10 11 585.4314648188974
10 12 765.0281040589293
10 13 1028.9689013765187
10 14 882.366137156226
10 15 2039.6788962971598
10 16 3352.392131001384
10 17 2223.5763985075932
10 18 3099.578197110052
10 19 1048.1645863126648
10 20 1245.9510423768663
10 21 1624.409123343008
10 22 502.1324526457138
10 23 3840.3689926880725
10 24 1195.2309400279094
10 25 5053.003958043176
10 26 3041.8642310267564
10 27 2487.559848526262
10 28 2944.6869103522704
10 29 2675.7159789484385
10 30 2086.1337445139993
10 31 2330.3068467478697
10 32 1113.2174091344423
10 33 1649.8678734977539
10 34 5458.949074684614
10 35 2131.7431834064814
10 36 3036.207667469404
10 37 1957.7589228503084
10 38 1996.4931755455614
10 39 930.9403847723011
10 40 2512.855944935961
10 41 3700.2801245311143
10 42 2922.5319502102966
10 43 2136.9066427899934
10 44 5458.448863917294
10 45 1393.8041469302636
10 46 710.769301531798
10 47 2533.5589592508004
11 12 1298.3412494409934
11 13 1611.9469594251543
11 14 405.2949543233915
11 15 2207.1565417976135
11 16 2823.403088473199
11 17 1638.2362466994803
11 18 2541.761003713764
11 19 693.7326574408905
11 20 1585.5762359470452
11 21 1766.553990117483
11 22 1049.5622897189094
11 23 4356.47013073658
11 24 1769.950564281387
11 25 5632.431535314034
11 26 2497.8534784890808
11 27 1906.9263226459484
11 28 3519.805818507606
11 29 2127.077337569088
11 30 1557.6649190374674
11 31 2777.797688817528
11 32 530.0650903426862
11 33 2170.89520705169
11 34 6002.066727386493
11 35 1551.1018664162582
11 36 2471.6013027994622
11 37 1537.5467472568112
11 38 2505.3863973447287
11 39 790.0430368024264
11 40 2911.5811855416296
11 41 4276.651143125892
11 42 2402.3648765331213
11 43 1563.4436350569215
11 44 5982.244562035224
11 45 826.755102796469
11 46 891.4263850705789
11 47 3108.684126764892
12 13 645.8769232601518
12 14 1641.0246798875392
12 15 2445.981602547329
12 16 3839.1568084671926
12 17 2904.2369049373365
12 18 3654.459878012071
12 19 1487.415543820892
12 20 729.8999931497465
12 21 2095.738771889283
12 22 696.5005384061092
12 23 3075.963913962581
12 24 532.0761223734814
12 25 4362.47464176011
12 26 3566.2061073359177
12 27 3121.774175048541
12 28 2452.8687286522286
12 29 3218.313222792337
12 30 2841.839193198658
12 31 1591.440228220966
12 32 1790.9218296731992
12 33 1479.2498098698543
12 34 4705.343026815367
12 35 2771.784443278373
12 36 3609.622833482745
12 37 2720.2014631273178
12 38 1231.7909725274008
12 39 1655.2178104406682
12 40 2549.3130447240096
12 41 3000.854045101161
12 42 3402.3669702135307
12 43 2859.3765054640844
12 44 4696.000425894359
12 45 2125.079292638277
12 46 755.3125181009514
12 47 1835.296433822068
13 14 1852.0607441442087
13 15 2025.0878993268416
13 16 4348.58620703327
13 17 3246.6174705376056
13 18 4118.220975129916
13 19 1996.9026015306806
13 20 1340.2227426812306
13 21 1752.9249841336623
13 22 605.1264330699825
13 23 3077.907893358734
13 24 418.8006685763527
13 25 4069.2517739751615
13 26 4051.1609447169585
13 27 3516.526268919372
13 28 1922.2554460841045
13 29 3689.6396843052303
13 30 3031.376749927333
13 31 1865.9016587162357
13 32 2141.410749949668
13 33 837.00955789047
13 34 4592.568126876291
13 35 3160.701188027745
13 36 4059.0762495917716
13 37 2787.845225259107
13 38 1379.427417445369
13 39 1662.0111311299934
13 40 1931.3606602600148
13 41 2735.977339087442
13 42 3914.1691327790118
13 43 3137.2320602722393
13 44 4646.427121993845
13 45 2394.9507301821473
13 46 1350.576913766854
13 47 1591.719196340862
14 15 2028.249491556697
14 16 2802.26640418073
14 17 1437.3148576425417
14 18 2465.730114996368
14 19 985.2375348107684
14 20 1986.225566243673
14 21 1592.1196563072765
14 22 1252.5593798299544
14 23 4715.683619582637
14 24 2071.6951995889744
14 25 5914.720027186409
14 26 2453.9274642906626
14 27 1763.6439549977201
14 28 3709.747835096073
14 29 2081.6709634329823
14 30 1203.797325134094
14 31 3163.7458810719927
14 32 496.32751283804527
14 33 2286.7763336190096
14 34 6341.2195199346315
14 35 1418.8083027667974
14 36 2378.6485658877814
14 37 1133.4663647413627
14 38 2866.7202514371716
14 39 553.2449728646434
14 40 2884.7691415432187
14 41 4568.890127810036
14 42 2404.4011728494893
14 43 1288.1692435390623
14 44 6337.003866181557
14 45 554.7071299343465
14 46 1296.483320370918
14 47 3405.5920190181323
15 16 4758.911745346829
15 17 3219.9791924793553
15 18 4367.555494781949
15 19 2899.398730771606
15 20 3150.773873193695
15 21 441.0408144378477
15 22 1764.548950865348
15 23 4959.463277412184
15 24 2443.8512638865727
15 25 5442.443660709773
15 26 4395.361646099215
15 27 3609.11346455054
15 28 2931.291353652857
15 29 4033.93034149079
15 30 2571.6275002418215
15 31 3890.956180683612
15 32 2524.2379047942372
15 33 1589.6043532904657
15 34 6277.6002580604
15 35 3312.6999562290575
15 36 4260.575195909585
15 37 2032.695255073913
15 38 3397.9006754171023
15 39 1475.144738661261
15 40 1240.4535460870754
15 41 4286.54651205373
15 42 4389.627432937788
15 43 2927.5423139555132
15 44 6418.8361873473605
15 45 2427.1332884701656
15 46 2748.2730941447576
15 47 3336.4030032356704
16 17 1600.948781191953
16 18 476.615148731133
16 19 2358.315076489993
16 20 3616.4359527026054
16 21 4344.833253417212
16 22 3850.941183658873
16 23 6432.504100270749
16 24 4371.208071002798
16 25 8097.146410927741
16 26 369.2709032675063
16 27 1205.0348542677095
16 28 6266.381731110865
16 29 725.7857810676646
16 30 2383.9137987771287
16 31 4753.167049452396
16 32 2334.169231225534
16 33 4990.611685955941
16 34 8147.807557864876
16 35 1451.1354175265656
16 36 608.0476954976476
16 37 2948.1453491983734
16 38 4751.647503761195
16 39 3330.465583067929
16 40 5686.634505575332
16 41 6745.461437144238
16 42 436.790567663726
16 43 1947.6727137791913
16 44 8004.078023107971
16 45 2333.8588217799293
16 46 3097.571952352358
16 47 5617.856174734273
17 18 1164.7270066414706
17 19 1562.2691829515168
17 20 2987.1863015218855
17 21 2828.908093240217
17 22 2665.264152011954
17 23 5881.088504690267
17 24 3400.271900892633
17 25 7262.260323067468
17 26 1232.5136916075212
17 27 398.9009902218845
17 28 5137.39048545076
17 29 922.5811617413397
17 30 793.3536411966608
17 31 4226.619689539148
17 32 1116.7743729151382
17 33 3723.8394165162385
17 34 7564.826303359516
17 35 285.5118211212979
17 36 1048.8207663848004
17 37 1347.818978943389
17 38 4050.1364174555897
17 39 1880.2941259281752
17 40 4247.120083068055
17 41 5902.7584229748045
17 42 1321.5918431951675
17 43 354.13274347340433
17 44 7507.842566276946
17 45 886.2471438599957
17 46 2301.076487212018
17 47 4735.04223845997
18 19 2169.4395589644805
18 20 3519.846161411035
18 21 3964.07996892091
18 22 3587.864267220821
18 23 6392.2763551023045
18 24 4182.7533993770185
18 25 7976.047768161873
18 26 201.357890334598
18 27 766.1886190749639
18 28 6040.29088703516
18 29 437.59456120934595
18 30 1931.0756070128377
18 31 4705.7298052480655
18 32 2026.8537194380851
18 33 4710.095646587232
18 34 8106.400557584112
18 35 1060.844946257463
18 36 131.46862743635836
18 37 2502.207225631003
18 38 4651.100944937661
18 39 2971.9126837779068
18 40 5343.210458142184
18 41 6616.1599134241005
18 42 485.05669771687514
18 43 1500.6615207967452
18 44 7988.710346482716
18 45 1961.7657862242372
18 46 2938.2705797798812
18 47 5468.879409897424
19 20 1429.9486004748562
19 21 2459.2279276228137
19 22 1546.9460236220268
19 23 4332.758128490443
19 24 2018.1105024254741
19 25 5816.2401944899075
19 26 2078.8431879292866
19 27 1693.8952151771373
19 28 3909.3163085122696
19 29 1732.4344143430076
19 30 1812.077536972411
19 31 2667.3134423985493
19 32 653.6206851071958
19 33 2693.1455586358493
19 34 6028.943025108132
19 35 1365.5138227055777
19 36 2129.835674412465
19 37 1990.113815840692
19 38 2524.4563771235976
19 39 1473.471071992932
19 40 3541.252038474528
19 41 4454.247411179581
19 42 1922.1456760610004
19 43 1640.9037144208066
19 44 5956.116603962686
19 45 1070.1742848713943
19 46 776.5526382673618
19 47 3301.2558216533293
20 21 2778.6696457117746
20 22 1386.2268934052606
20 23 2904.4965140278614
20 24 1061.6896910114556
20 25 4481.5882229406125
20 26 3397.0110391342564
20 27 3118.638805632996
20 28 2921.1992400382414
20 29 3086.0865185538787
20 30 3114.2363429900433
20 31 1239.6531773040394
20 32 1952.8607221202437
20 33 2174.5955945876467
20 34 4606.626639961177
20 35 2795.232548465333
20 36 3500.7023580990144
20 37 3118.9591212454197
20 38 1135.606005619907
20 39 2172.4870540465827
20 40 3267.7890078767327
20 41 3135.2015884150096
20 42 3188.119978921747
20 43 3028.7911780114523
20 44 4526.364766564887
20 45 2354.2200406928832
20 46 710.721464428928
20 47 2041.5506361587018
21 22 1400.9953604491343
21 23 4780.128136357853
21 24 2165.0357964708114
21 25 5426.996591117411
21 26 3983.8168883622147
21 27 3211.8905647608854
21 28 2945.350912879482
21 29 3619.090631636627
21 30 2223.6494777729695
21 31 3602.049555461446
21 32 2088.4429606766857
21 33 1495.5911874573212
21 34 6177.808672984297
21 35 2905.0249568635377
21 36 3860.588815193869
21 37 1718.323892634913
21 38 3131.078089093276
21 39 1039.0019249260322
21 40 1478.6331526108834
21 41 4210.09572337732
21 42 3968.193795670771
21 43 2552.4703720121806
21 44 6289.088725721716
21 45 2011.0009945298386
21 46 2335.1573822764067
21 47 3188.4648343677873
22 23 3620.702279945149
22 24 902.9197085012598
22 25 4674.3504361568785
22 26 3536.1709517499294
22 27 2953.195726666284
22 28 2474.2594851793538
22 29 3168.0254102516287
22 30 2426.2887297269467
22 31 2253.7180391521915
22 32 1577.2159015176078
22 33 1147.8401456648917
22 34 5176.111668038085
22 35 2597.847185651997
22 36 3520.1616440157973
22 37 2193.876249928423
22 38 1832.9849972108336
22 39 1073.0298225119375
22 40 2053.1828949219307
22 41 3339.7392113756428
22 42 3422.3749064063686
22 43 2540.3442680077833
22 44 5212.461702497199
22 45 1800.9400323164566
22 46 1076.0910742125873
22 47 2189.19528594413
23 24 2717.9854672164824
23 25 2041.7083533159187
23 26 6253.813556542919
23 27 6023.126098630179
23 28 2568.802250076872
23 29 5965.464776528313
23 30 5912.0054127174135
23 31 1686.582343083195
23 32 4806.801951401784
23 33 3383.1857767494826
23 34 1715.735702257198
23 35 5698.1685654252105
23 36 6383.92019060389
23 37 5786.648943905272
23 38 1851.1080465494174
23 39 4686.717401337529
23 40 4284.79462751717
23 41 1271.8840355944405
23 42 6021.354415744019
23 43 5891.712484498883
23 44 1628.4403581341257
23 45 5177.2707095534415
23 46 3580.2660515665593
23 47 1638.227395693284
24 25 3863.0661397392614
24 26 4096.890650237079
24 27 3634.6990246786595
24 28 1931.128167678158
24 29 3747.249791513771
24 30 3273.237693782717
24 31 1447.1119514398324
24 32 2283.497755637172
24 33 1163.6051735876736
24 34 4285.311190567145
24 35 3282.122788684177
24 36 4135.644327066823
24 37 3085.985904050762
24 38 966.632298239615
24 39 1972.882409065477
24 40 2284.9087509132614
24 41 2506.768836570297
24 42 3934.419652248601
24 43 3330.7195919200403
24 44 4311.557143306813
24 45 2588.4823739017424
24 46 1283.3471860724205
24 47 1339.0504098053964
25 26 7865.9626874273945
25 27 7482.819054340416
25 28 2514.4589875358874
25 29 7538.721973915738
25 30 7100.6284933095885
25 31 3448.2315757500974
25 32 6145.721275814581
25 33 3937.6837100000807
25 34 1374.4831755972862
25 35 7133.993131479732
25 36 7943.959340278625
25 37 6830.134186090344
25 38 3348.70273389562
25 39 5708.752665863183
25 40 4396.141035044258
25 41 1362.736218055424
25 42 7666.907720848087
25 43 7189.565007703874
25 44 1797.5330316853708
25 45 6445.897377402157
25 46 5040.992362620677
25 47 2527.6866894455097
26 27 838.1169369485382
26 28 5972.842957922132
26 29 373.06567786383135
26 30 2018.0247768548334
26 31 4568.1830085932415
26 32 1995.985220386163
26 33 4668.666833261932
26 34 7969.104905822234
26 35 1084.3657132167173
26 36 305.0
26 37 2580.153871380542
26 38 4531.350902324824
26 39 2975.3171259548117
26 40 5338.346279513909
26 41 6508.51910959782
26 42 286.40006983239374
26 43 1580.669478417294
26 44 7843.435089296016
26 45 1973.2663276912217
26 46 2837.8902374827676
26 47 5368.067901955042
27 28 5426.33587239124
27 29 557.9838707346297
27 30 1180.0067796415408
27 31 4348.861000308012
27 32 1376.9854755951494
27 33 4043.2138207124294
27 34 7722.4056485009905
27 35 355.88340787398334
27 36 652.5618744609587
27 37 1743.378903164771
27 38 4217.38698722325
27 39 2240.673113151492
27 40 4613.720516026085
27 41 6120.324256115848
27 42 954.3819989920179
27 43 742.689706405037
27 44 7643.231384695873
27 45 1230.8127396155762
27 46 2464.4400986836745
27 47 4956.797857488239
28 29 5611.87357305918
28 30 4823.0124403737545
28 31 2549.906861044144
28 32 4049.430824202335
28 33 1497.7065800750158
28 34 3475.53103856087
28 35 5070.657748261067
28 36 5979.978762504094
28 37 4469.9406036322225
28 38 2095.609219296384
28 39 3387.3997402137234
28 40 1910.0575907547918
28 41 1500.363289340285
28 42 5830.871118452199
28 43 4993.146603095086
28 44 3703.5508636982427
28 45 4263.926476852058
28 46 3208.1253092733145
28 47 1195.9565209488178
29 30 1715.888691028646
29 31 4279.001051647452
29 32 1623.0727032391371
29 33 4297.953001139031
29 34 7678.4334990934185
29 35 734.4011165568854
29 36 419.54856691448725
29 37 2262.3536416749703
29 38 4215.892906609464
29 39 2605.801604113406
29 40 4966.351276339603
29 41 6178.67825671478
29 42 399.5409866334116
29 43 1276.6902521755228
29 44 7566.62831120969
29 45 1608.1647925508132
29 46 2500.678507925399
29 47 5031.335508590139
30 31 4329.435990980812
30 32 1179.213721087064
30 33 3345.9793782986767
30 34 7544.713977348644
30 35 1022.1022453746983
30 36 1807.0763680597454
30 37 577.6313703392502
30 38 4061.0965268015975
30 39 1437.578519594669
30 40 3692.4952268080183
30 41 5762.244788274792
30 42 2114.66995060695
30 43 439.4769618535197
30 44 7536.036756810572
30 45 762.5667183925614
30 46 2403.840468916355
30 47 4602.864868752938
31 32 3183.737583407276
31 33 2509.425830742961
31 34 3401.05939377718
31 35 4030.9657651734033
31 36 4697.593958613282
31 37 4280.575895834578
31 38 532.6321432283261
31 39 3244.3144113972676
31 40 3611.7620353506127
31 41 2186.306703095428
31 42 4338.43992697836
31 43 4264.510757402307
31 44 3295.5828012659613
31 45 3575.638124866665
31 46 1940.5692463810715
31 47 1380.9608973464817
32 33 2684.3526221418824
32 34 6474.1221798789065
32 35 1021.2345470067099
32 36 1951.1483798009826
32 37 1340.2227426812306
32 38 2962.0432137293337
32 39 1049.5089327871392
32 40 3357.911553331922
32 41 4786.743778394662
32 42 1925.7185671847276
32 43 1085.0092165507167
32 44 6435.2206644372345
32 45 421.37987612129746
32 46 1243.9075528350168
32 47 3618.8078147367814
33 34 4696.652957160024
33 35 3692.0402218827467
33 36 4635.442265846917
33 37 2974.0161398351556
33 38 1980.7920133118469
33 39 1908.8053855749674
33 40 1123.162054202331
33 41 2717.4445716518303
33 42 4564.754648390207
33 43 3547.038483016501
33 44 4829.70889391897
33 45 2838.5957796065295
33 46 2139.282356305497
33 47 1750.9314663915318
34 35 7392.130545384057
34 36 8096.404263622216
34 37 7369.053195628323
34 38 3514.8669960611596
34 39 6248.525025956125
34 40 5378.7749534629165
34 41 2000.5144338394562
34 42 7737.088470477767
34 43 7555.575755691952
34 44 460.1836589884521
34 45 6828.351558026286
34 46 5266.118874465331
34 47 3012.48668046848
35 36 964.3920364664984
35 37 1541.7396018783456
35 38 3882.035033329813
35 39 1912.397709682795
35 40 4285.264285898829
35 41 5771.856200564945
35 42 1120.4570496007423
35 43 599.7674549356609
35 44 7321.560830861135
35 45 901.2641122334784
35 46 2127.771134309327
35 47 4607.080854510804
36 37 2379.9371840449908
36 38 4628.178907518593
36 39 2876.574525368672
36 40 5249.6432259726
36 41 6582.734386256216
36 42 569.8596318392803
36 43 1379.4002319849014
36 44 7985.991798142545
36 45 1865.0546908871063
36 46 2903.1875585294174
36 47 5431.070796813461
37 38 3951.5426101713747
37 39 1126.286819597921
37 40 3196.946199109394
37 41 5517.44515151714
37 42 2657.3612851849857
37 43 1001.8552789699718
37 44 7394.62967294509
37 45 950.3820284496124
37 46 2428.794968703616
37 47 4379.425190592939
38 39 2872.1081107785617
38 40 3079.565229054257
38 41 2011.5228062341228
38 42 4323.715531808261
38 43 4045.8280981771827
38 44 3477.367538814383
38 45 3327.0444842231973
38 46 1754.263948213039
38 47 999.6449369651207
39 40 2373.567146722418
39 41 4391.626236373037
39 42 2942.410066595069
39 43 1658.7525433288715
39 44 6284.329876764905
39 45 1011.6619988909339
39 46 1562.2179745477263
39 47 3253.7290913657826
40 41 3385.3806285261335
40 42 5283.474803573875
40 43 3996.7958416711754
40 44 5584.07745290124
40 45 3385.1577511247538
40 46 3124.4077838848116
40 47 2663.953453046806
41 42 6313.58820323277
41 43 5836.998286790908
41 44 2204.151764284846
41 45 5094.080584364562
41 46 3679.5491571658613
41 47 1168.151531266385
42 43 1675.7210388367153
42 44 7602.277882319219
42 45 1963.813891385841
42 46 2661.185074360669
42 47 5183.232389156404
43 44 7520.104387573353
43 45 743.8548245457578
43 46 2324.077666516332
43 47 4669.732861738453
44 45 6804.388142955985
44 46 5207.62412238057
44 47 3101.116734339422
45 46 1643.5050958241657
45 47 3927.2454723380865
46 47 2531.0274593532167
